Load 4640 images from /var/run/media/tbergmueller/WD 1TB/iris/aged/2009/h100/... 
Calculate defects for img/2009
Load 4640 images from /var/run/media/tbergmueller/WD 1TB/iris/aged/2013/h100/... 
Calculate defects for img/2013
REFINE!!!!!!
init done 
opengl support available 
Defects in 2009 are 197
Defects in 2013 are 236
Defects that match are 35
Correctness ratio is 0.177665
Sensor: 296100 pixels
- correlated region (116260 pixels)
CONSIDERED 179840 pixels
(corrected) lambda_ps = 0.00963208 defects per year per 1000 pixel
2.17932
2.01616
2.15668
1.99333
2.03082
2.41055
2.38857
2.09677
2.00151
2.29288
2.90085
2.85474
2.50322
2.14116
1.99783
2.04871
2.35905
2.0528
2.14267
2.60669
2.59288
2.23642
1.96251
2.3819
2.07004
1.98448
2.43318
2.21487
2.08405
2.18643
2.45238
1.97479
2.57565
2.11336
2.80258
1.0112
1.11423
1.38728
1.15604
1.25841
1.04849
1.29655
1.3847
1.1474
1.06273
1.1541
1.36359
1.56508
1.06552
1.19698
1.05388
1.13771
1.22307
1.03189
1.3862
1.20538
1.17134
1.07932
1.04332
1.07004
1.0237
1.12587
1.03493
1.05475
1.18663
1.0304
1.33513
1.14699
1.22392
1.26659
DefectNr,amplitude09,amplitude13
0,2.17932,1.0112
1,2.01616,1.11423
2,2.15668,1.38728
3,1.99333,1.15604
4,2.03082,1.25841
5,2.41055,1.04849
6,2.38857,1.29655
7,2.09677,1.3847
8,2.00151,1.1474
9,2.29288,1.06273
10,2.90085,1.1541
11,2.85474,1.36359
12,2.50322,1.56508
13,2.14116,1.06552
14,1.99783,1.19698
15,2.04871,1.05388
16,2.35905,1.13771
17,2.0528,1.22307
18,2.14267,1.03189
19,2.60669,1.3862
20,2.59288,1.20538
21,2.23642,1.17134
22,1.96251,1.07932
23,2.3819,1.04332
24,2.07004,1.07004
25,1.98448,1.0237
26,2.43318,1.12587
27,2.21487,1.03493
28,2.08405,1.05475
29,2.18643,1.18663
30,2.45238,1.0304
31,1.97479,1.33513
32,2.57565,1.14699
33,2.11336,1.22392
34,2.80258,1.26659


q = 11

	int thres2009 = 209;
	int thres2013 = 213;